8_1	4 4 3 -4 3 2 -1 -3 2 -1
m8_2	2 2 2 2 2 -1 2 -1
8_3	-4 -4 -3 2 4 -3 2 1 -2 1
8_4	-3 -3 -3 2 -3 2 1 -2 1
8_5 	2 2 2 -1 2 2 2 -1
m8_6	3 3 3 3 2 -1 -3 2 -1
8_7	2 2 2 2 -1 2 -1 -1
8_8	3 3 3 2 -1 -3 2 -1 -1
8_9	-2 -2 -2 1 -2 1 1 1
8_10	2 2 2 -1 2 2 -1 -1
m8_11	3 3 2 -3 2 2 -1 2 -1
8_12	-4 3 -2 1 -4 3 -2 1
8_13	-3 -3 2 -3 2 2 1 -2 1
m8_14	3 3 3 2 -3 2 -1 2 -1
m8_15	3 3 -2 1 3 2 2 2 1
m8_16	2 2 -1 2 2 -1 2 -1
8_17	-2 -2 1 -2 1 -2 1 1
8_18	-2 1 -2 1 -2 1 -2 1
8_19	2 2 2 1 2 2 2 1
8_20	2 2 2 -1 -2 -2 -2 1
m8_21	2 2 2 1 -2 -2 1 1