 9_1	1 1 1 1 1 1 1 1 1
m9_2	4 4 4 3 -4 3 2 -3 2 1 -2 1
 9_3	2 2 2 2 2 2 2 1 -2 1
m9_4	3 3 3 3 3 2 -3 2 1 -2 1
 9_5	4 4 3 -4 3 3 2 -3 2 1 -2 1
m9_6	2 2 2 2 2 2 1 -2 1 1
m9_7	3 3 3 3 2 -3 2 1 -2 1 1
m9_8	4 4 -3 4 -3 -2 1 3 -2 1
m9_9	2 2 2 2 2 1 -2 1 1 1
 9_10	3 3 2 -3 2 2 2 2 1 -2 1
 9_11	3 3 3 3 -2 1 3 -2 1
m9_12	4 4 -3 2 4 -3 2 1 -2 1
 9_13	3 3 3 3 2 -3 2 2 1 -2 1
 9_14	4 4 3 -2 -4 3 -2 1 -2 1
 9_15	4 4 4 3 -2 1 -4 3 -2 1
 9_16	2 2 2 2 1 1 -2 1 1 1
m9_17	-3 2 -3 2 2 2 -1 2 -1
m9_18	3 3 3 2 -3 2 2 2 1 -2 1
m9_19	-4 3 -4 3 3 2 -1 -3 2 1
m9_20	3 3 3 -2 1 3 -2 1 1
 9_21	4 4 3 -4 3 -2 1 3 -2 1
 9_22	-3 2 -3 2 -1 2 2 2 -1
m9_23	3 3 3 2 -3 2 2 1 -2 1 1
m9_24	3 3 -2 1 3 -2 -2 -2 1
m9_25	4 4 -3 2 -1 4 3 3 2 1
 9_26	3 3 3 -2 3 -2 1 -2 1
m9_27	3 3 -2 3 -2 -2 1 -2 1
m9_28	3 3 -2 1 3 -2 -2 1 1
m9_29	-3 2 2 -1 2 -3 2 -1 2
m9_30	3 3 -2 -2 3 -2 1 -2 1
m9_31	3 3 -2 3 -2 1 -2 1 1
 9_32	3 3 -2 3 -2 1 3 -2 1
m9_33	3 -2 3 -2 -2 1 3 -2 1
m9_34	3 -2 3 -2 1 -2 3 -2 1
m9_35	4 4 3 -4 3 3 2 1 -3 -3 -2 1 3 2
 9_36	3 3 3 -2 1 3 3 -2 1
 9_37	-4 -4 3 -2 1 -4 3 -2 4 3 -2 1
m8_38	3 3 2 2 -1 2 -3 2 1 1 2
 9_39	4 4 3 -2 1 -4 -3 2 4 -3 2 1
m9_40	3 -2 1 3 -2 1 3 -2 1
m9_41	4 4 3 -2 1 -4 -3 -3 2 -3 2 1
m9_42	-3 -3 -3 2 -1 3 3 2 -1
 9_43	3 3 3 2 -1 3 3 2 -1
m9_44	3 3 3 2 -1 -3 -3 2 -1
m9_45	3 3 2 -3 2 1 3 -2 1
m9_46	3 -2 3 -2 1 2 -3 2 1
 9_47	-3 2 -3 2 1 2 -3 2 1
 9_48	3 3 2 -3 2 -1 3 2 -3 2 -1
 9_49	3 3 2 -1 3 3 2 -3 2 1 1